0,4581.5363
1,4581.5152
2,4581.4855
3,4581.2217
4,4581.2217
5,4581.5078
6,4581.7756
7,4581.7066
8,4581.4865
9,4581.5010
10,4581.5098
11,4581.5362
12,4581.6100
13,4581.7492
14,4581.8239
15,4581.8195
16,4581.6468
17,4580.5939
18,4580.9984
19,4580.8406
20,4580.8362
21,4580.8410
22,4580.8106
23,4580.7482
24,4580.9083
25,4582.4142
26,4582.5999
27,4582.6228
28,4582.6753
29,4582.7941
30,4582.8094
31,4582.8094
32,4582.9004
33,4583.0926
34,4583.0771
35,4584.1781
36,4584.9650
37,4585.3433
38,4585.6620
39,4585.7737
40,4585.8632
41,4585.8647
42,4585.7790
43,4586.4482
44,4586.9493
45,4586.4190
46,4586.5310
47,4586.6766
48,4586.6312
49,4586.6438
50,4586.6174
51,4585.9864
52,4584.2929
53,4584.1959
54,4584.1707
55,4584.1830
56,4584.1918
57,4584.2025
58,4584.4249
59,4584.4843
60,4584.4934
61,4584.5000
62,4584.6011
63,4584.3844
64,4584.2446
65,4584.2392
66,4584.2216
67,4583.8745
68,4583.6093
69,4583.7705
70,4582.3919
71,4581.8660
72,4581.8616
73,4581.8554
74,4581.8643
75,4581.8526
76,4581.8546
77,4581.8941
78,4580.4856
79,4580.2262
80,4579.8741
81,4580.0444
82,4579.9146
83,4578.5277
84,4578.8015
85,4578.9073
86,4579.0883
87,4579.2471
88,4579.6548
89,4579.9663
90,4579.9724
91,4579.5014
92,4579.5060
93,4579.4093
94,4579.1721
95,4578.3498
96,4578.6288
97,4578.4618
98,4578.8971
99,4578.8198
100,4578.8791
101,4578.8791
102,4578.7811
103,4578.7832
104,4578.7831
105,4578.7788
106,4578.7845
107,4578.7845
108,4578.7845
109,4578.8385
110,4578.6355
111,4578.6258
112,4578.6218
113,4578.6295
114,4578.7534
115,4578.6804
116,4578.6848
117,4578.7805
118,4578.5246
119,4578.5167
120,4578.4574
121,4577.1601
122,4577.1566
123,4577.0981
124,4577.1080
125,4577.1080
126,4577.5287
127,4577.7898
128,4577.7942
129,4577.7942
130,4577.7898
131,4578.4471
132,4578.4515
133,4578.4516
134,4578.5122
135,4578.8024
136,4578.8044
137,4578.8044
138,4578.8044
139,4578.8819
140,4578.8819
141,4578.9473
142,4580.6511
143,4580.7761
144,4580.7760
145,4580.7592
146,4580.7593
147,4581.3404
148,4581.3591
149,4581.3542
150,4581.3542
151,4581.5902
152,4582.0959
153,4583.5932
154,4583.5813
155,4584.4219
156,4584.5405
157,4584.6038
158,4584.3528
159,4584.4944
160,4584.4511
161,4584.2828
162,4584.3659
163,4584.6320
164,4584.6340
165,4584.6320
166,4585.0094
167,4584.9536
168,4584.8855
169,4584.8933
170,4584.6395
171,4584.5150
172,4584.6802
173,4584.6802
174,4584.7220
175,4584.8084
176,4584.8035
177,4584.8110
178,4584.8153
179,4584.8042
180,4584.8108
181,4584.8503
182,4584.8807
183,4584.8613
184,4585.0288
185,4585.0356
186,4585.0291
187,4585.1346
188,4585.1346
189,4585.1346
190,4585.1346
191,4585.2560
192,4586.3546
193,4585.6395
194,4585.3256
195,4585.3083
196,4585.3018
197,4585.5235
198,4585.4083
199,4585.4083
200,4585.4022
201,4585.4154
202,4585.4426
203,4585.3994
204,4585.4077
205,4585.4157
206,4585.4157
207,4585.4065
208,4585.4027
209,4585.4027
210,4585.2103
211,4584.8881
212,4585.3572
213,4585.5385
214,4585.0497
215,4584.9390
216,4584.8796
217,4584.8752
218,4584.8472
219,4584.7839
220,4584.7795
221,4584.7775
222,4584.7942
223,4584.7986
224,4584.7986
225,4584.7942
226,4584.8355
227,4584.8253
228,4584.8329
229,4584.9089
230,4585.0069
231,4584.9146
232,4585.0069
233,4584.9983
234,4584.9279
235,4584.9280
236,4584.9135
237,4584.9165
238,4584.9152
239,4584.9165
240,4584.9165
241,4584.9443
242,4584.9436
243,4584.9402
244,4584.9666
245,4585.1313
246,4585.2492
247,4585.1411
248,4585.1776
249,4585.1337
250,4585.0443
251,4585.0008
252,4584.9964
253,4585.1415
254,4585.1371
255,4584.9657
256,4584.9657
257,4584.9129
258,4584.9173
259,4584.9129
260,4584.8114
261,4584.4382
262,4584.4292
263,4584.1673
264,4582.9136
265,4582.5497
266,4581.9951
267,4581.8075
268,4580.8663
269,4580.5325
270,4580.5473
271,4580.6860
272,4580.6831
273,4580.1270
274,4580.0471
275,4580.0032
276,4579.9768
277,4579.4506
278,4579.4651
279,4579.4651
280,4579.4457
281,4578.6265
282,4578.6478
283,4578.3825
284,4577.8069
285,4577.7980
286,4577.7826
287,4577.7627
288,4577.6940
289,4578.1160
290,4578.2601
291,4578.3010
292,4578.5309
293,4578.5309
294,4578.5118
295,4578.5353
296,4578.5220
297,4578.5220
298,4578.5220
299,4578.5264
300,4578.5880
301,4578.5890
302,4579.4305
303,4579.5012
304,4579.5934
305,4580.7247
306,4580.7308
307,4581.0886
308,4581.7298
309,4581.6889
310,4581.5192
311,4581.5022
312,4581.7172
313,4581.6864
314,4581.8271
315,4581.6545
316,4581.9699
317,4582.0674
318,4582.0279
319,4582.0242
320,4582.2106
321,4582.2150
322,4582.2460
323,4582.2406
324,4581.9745
325,4581.9281
326,4581.5594
327,4581.0875
328,4580.6836
329,4580.6468
330,4580.6336
331,4580.6292
332,4580.5369
333,4580.4622
334,4580.4602
335,4580.4355
336,4580.7320
337,4580.8666
338,4580.8749
339,4581.1628
340,4581.1104
341,4581.0312
342,4581.0312
343,4580.9240
344,4580.9283
345,4581.0308
346,4581.0399
347,4581.0412
348,4580.9696
349,4580.9717
350,4580.9729
351,4580.9773
352,4581.0059
353,4581.0059
354,4581.0625
355,4581.0625
356,4581.0656
357,4581.0612
358,4580.3551
359,4580.1913
360,4580.2316
361,4579.9506
362,4580.4483
363,4580.7178
364,4580.6335
365,4580.6885
366,4580.8154
367,4580.8167
368,4581.0242
369,4581.0242
370,4581.0260
371,4581.0163
372,4581.4968
373,4581.5129
374,4581.6074
375,4581.6599
376,4581.6392
377,4581.7729
378,4581.7729
379,4580.5316
380,4580.4514
381,4581.1133
382,4581.4770
383,4581.2881
384,4581.1488
385,4581.1475
386,4581.2435
387,4581.2447
388,4580.8509
389,4580.6263
390,4580.6198
391,4580.3249
392,4580.3930
393,4580.4444
394,4580.4481
395,4579.7642
396,4578.8155
397,4578.9766
398,4578.9215
399,4578.4899
400,4577.8614
401,4577.8634
402,4577.9426
403,4577.9821
404,4579.3664
405,4579.5291
406,4579.7149
407,4580.1276
408,4580.1252
409,4579.8604
410,4579.8604
411,4579.9918
412,4579.8858
413,4579.8901
414,4579.8958
415,4579.9275
416,4580.0110
417,4580.0110
418,4579.9890
419,4579.9829
420,4579.9785
421,4579.9785
422,4579.9785
423,4580.4559
424,4580.5921
425,4580.5902
426,4580.6750
427,4580.6706
428,4580.6706
429,4580.6730
430,4580.6709
431,4580.6510
432,4580.6314
433,4580.6358
434,4580.6314
435,4580.6334
436,4580.4092
437,4580.5046
438,4580.5452
439,4580.5563
440,4580.5471
441,4580.1403
442,4580.1403
443,4580.0866
444,4580.0360
445,4580.0496
446,4580.0044
447,4579.8826
448,4578.4014
449,4578.8181
450,4578.6745
451,4578.6657
452,4578.5565
453,4578.8301
454,4578.6271
455,4578.6842
456,4578.9581
457,4579.1472
458,4579.0127
459,4578.9015
460,4578.9058
461,4578.5737
462,4578.5781
463,4578.5319
464,4578.4957
465,4578.4913
466,4578.4944
467,4578.4985
468,4578.4941
469,4578.4839
470,4578.4791
471,4578.3692
472,4578.3824
473,4578.5901
474,4579.6970
475,4579.7866
476,4580.0145
477,4580.0190
478,4580.4331
479,4580.4375
480,4580.4331
481,4580.5562
482,4580.5048
483,4580.1635
484,4580.1944
485,4580.1785
486,4580.1256
487,4580.0068
488,4579.7301
489,4578.6782
490,4578.4043
491,4578.4036
492,4578.3797
493,4578.3937
494,4578.3967
495,4578.4011
496,4578.3950
497,4578.3872
498,4578.3745
499,4578.3755
500,4578.3694
501,4578.3738
502,4578.3856
503,4578.4694
504,4578.4650
505,4578.4694
506,4578.4694
507,4578.4575
508,4577.6061
509,4577.8577
510,4577.7710
511,4577.7730
512,4577.7547
513,4577.7730
514,4577.8100
515,4577.4515
516,4577.5657
517,4578.2553
518,4578.0092
519,4577.9975
520,4577.9820
521,4577.9877
522,4577.8798
523,4578.3994
524,4578.5005
525,4578.3296
526,4578.2875
527,4578.2875
528,4578.2919
529,4578.4101
530,4578.2650
531,4578.2630
532,4578.2630
533,4578.2535
534,4578.2555
535,4578.2555
536,4578.0469
537,4577.9875
538,4577.9590
539,4577.9634
540,4577.9601
541,4577.9473
542,4577.9473
543,4577.9641
544,4577.8629
545,4577.6544
546,4577.7774
547,4577.6693
548,4577.6649
549,4577.7555
550,4577.1854
551,4577.6480
552,4577.6436
553,4577.6381
554,4577.7757
555,4577.6174
556,4577.6117
557,4577.6117
558,4577.6302
559,4577.6345
560,4577.6346
561,4577.6060
562,4577.6557
563,4577.6557
564,4577.6543
565,4577.2127
566,4577.3314
567,4577.3300
568,4577.3388
569,4577.4642
570,4577.9405
571,4577.8482
572,4577.8526
573,4578.0086
574,4577.9955
575,4577.9955
576,4578.0044
577,4577.9688
578,4577.4857
579,4577.4813
580,4577.4870
581,4577.4743
582,4577.4787
583,4577.3292
584,4577.3820
585,4577.3744
586,4577.3963
587,4578.3987
588,4578.9112
589,4579.1098
590,4579.1104
591,4579.1559
592,4579.1583
593,4579.2888
594,4579.2932
595,4579.2888
596,4579.3113
597,4579.6264
598,4579.6152
599,4579.4447
600,4579.0626
601,4579.0661
602,4578.8425
603,4578.7651
604,4578.7607
605,4578.7674
606,4578.8161
607,4578.8205
608,4578.3987
609,4578.1086
610,4578.3167
611,4578.3282
612,4577.7719
613,4577.7718
614,4577.6029
615,4577.5055
616,4577.5086
617,4577.5018
618,4577.4382
619,4577.4048
620,4577.3106
621,4577.0343
622,4577.2134
623,4577.1725
624,4577.1681
625,4577.1724
626,4577.1634
627,4577.2294
628,4577.2294
629,4577.2294
630,4577.2294
631,4577.2294
632,4577.6802
633,4577.6622
634,4577.6622
635,4577.7347
636,4577.7848
637,4577.8243
638,4577.8200
639,4577.8375
640,4577.8798
641,4577.8439
642,4577.7326
643,4577.4820
644,4577.5030
645,4577.5910
646,4577.5930
647,4577.7599
648,4577.6881
649,4577.7276
650,4577.7334
651,4577.6035
652,4577.4282
653,4577.5270
654,4577.5314
655,4577.5865
656,4577.3177
657,4577.4156
658,4577.4156
659,4577.4156
660,4577.3510
661,4577.4297
662,4577.8873
663,4578.0484
664,4578.1849
665,4578.5589
666,4578.5264
667,4578.8357
668,4578.8447
669,4579.0187
670,4579.0402
671,4578.5936
672,4578.5967
673,4578.6069
674,4578.6048
675,4578.5896
676,4578.6626
677,4578.6646
678,4578.6809
679,4578.6796
680,4578.7236
681,4578.7199
682,4578.8320
683,4578.7903
684,4578.7058
685,4578.7057
686,4578.6618
687,4578.6512
688,4578.7523
689,4578.7554
690,4578.5796
691,4578.7500
692,4578.6796
693,4579.3636
694,4579.3636
695,4579.3089
696,4579.3045
697,4578.9218
698,4579.0582
699,4579.0991
700,4579.0991
701,4579.1333
702,4578.9544
703,4579.0622
704,4579.0666
705,4579.2388
706,4579.1968
707,4579.2306
708,4579.2306
709,4579.2262
710,4579.3057
711,4579.4112
712,4579.4104
713,4579.4060
714,4579.4208
715,4579.1874
716,4579.2055
717,4579.0825
718,4579.0248
719,4579.0538
720,4579.1386
721,4579.1326
722,4579.2346
723,4579.2374
724,4579.2251
725,4579.2404
726,4579.2404
727,4579.2407
728,4579.2407
729,4579.2071
730,4579.2071
731,4579.3448
732,4579.3424
733,4579.3335
734,4579.3328
735,4579.2124
736,4578.7726
737,4578.7982
738,4578.8062
739,4578.6973
740,4578.7017
741,4578.6973
742,4578.7017
743,4578.6986
744,4578.7030
745,4578.5140
746,4578.4627
747,4578.5673
748,4578.5633
749,4578.5633
750,4578.6087
751,4578.6043
752,4579.1140
753,4579.1559
754,4579.2592
755,4579.2711
756,4579.4036
757,4579.8603
758,4579.9835
759,4580.0711
760,4580.2060
761,4580.1983
762,4580.0342
763,4580.0315
764,4580.0359
765,4580.0295
766,4580.0308
767,4579.7964
768,4579.3449
769,4579.5541
770,4579.3617
771,4579.3688
772,4579.4591
773,4579.4243
774,4579.7819
775,4579.6393
776,4579.4018
777,4579.2410
778,4579.3080
779,4579.3036
780,4579.2992
781,4579.1778
782,4579.0609
783,4578.7350
784,4579.0589
785,4578.9580
786,4578.8837
787,4578.9448
788,4578.9493
789,4579.0467
790,4579.0151
791,4579.0174
792,4579.0130
793,4579.0110
794,4578.9847
795,4578.9803
796,4578.9499
797,4578.9499
798,4579.0099
799,4579.0180
800,4579.1841
801,4579.4610
802,4579.5370
803,4579.5370
804,4579.4449
805,4579.4808
806,4579.4764
807,4579.3552
808,4579.4015
809,4579.4503
810,4579.5755
811,4579.5218
812,4579.5218
813,4579.6273
814,4579.6259
815,4579.6128
816,4579.6128
817,4579.6083
818,4579.4299
819,4579.5114
820,4579.6146
821,4579.6541
822,4579.8634
823,4580.1174
824,4580.1306
825,4580.1306
826,4580.1873
827,4580.1873
828,4580.2137
829,4580.2136
830,4580.2335
831,4580.2334
832,4580.2291
833,4580.2348
834,4580.2304
835,4580.2348
836,4580.0721
837,4580.2546
838,4580.2522
839,4580.7254
840,4581.2340
841,4581.6222
842,4581.4947
843,4581.5906
844,4581.4541
845,4581.4356
846,4581.4356
847,4581.5754
848,4581.4517
849,4581.4395
850,4581.4375
851,4581.4267
852,4581.4676
853,4581.9397
854,4581.7721
855,4581.7519
856,4581.9343
857,4581.7926
858,4581.7926
859,4581.7882
860,4582.0263
861,4582.1182
862,4582.1138
863,4582.0083
864,4582.0026
865,4581.9503
866,4581.9518
867,4581.9537
868,4581.8978
869,4581.9022
870,4581.8956
871,4581.9032
872,4581.8217
873,4581.8217
874,4582.3296
875,4582.3252
876,4582.3339
877,4582.3275
878,4583.9177
879,4583.6713
880,4583.6713
881,4583.9073
882,4583.9117
883,4583.8157
884,4583.9323
885,4583.9881
886,4583.9881
887,4584.0085
888,4583.9862
889,4584.1297
890,4584.1543
891,4584.2795
892,4584.1468
893,4583.9395
894,4583.5488
895,4583.2154
896,4583.1218
897,4582.6981
898,4582.8678
899,4582.8330
900,4582.7253
901,4582.7134
902,4582.7024
903,4582.7090
904,4582.6902
905,4582.6945
906,4582.7026
907,4582.6957
908,4582.3765
909,4582.3765
910,4582.4993
911,4582.4973
912,4582.3990
913,4582.5673
914,4582.4968
915,4582.4789
916,4582.5222
917,4582.5141
918,4582.5303
919,4582.5868
920,4582.5380
921,4582.5380
922,4582.5424
923,4582.5628
924,4582.5653
925,4581.9759
926,4581.9615
927,4582.1928
928,4582.2368
929,4582.2477
930,4582.3360
931,4582.3340
932,4582.3579
933,4582.3592
934,4582.2909
935,4582.3348
936,4582.3362
937,4582.2396
938,4582.2086
939,4582.3136
940,4582.1905
941,4582.1868
942,4582.1893
943,4582.1917
944,4582.2005
945,4582.2176
946,4582.3481
947,4582.3481
948,4582.3422
949,4582.3399
950,4582.3319
951,4582.3363
952,4582.3319
953,4582.3322
954,4582.3248
955,4582.3419
956,4582.3374
957,4582.3353
958,4582.3473
959,4582.3517
960,4582.3517
961,4582.3473
962,4582.3433
963,4582.3504
964,4582.3463
965,4582.3477
966,4582.3483
967,4582.3722
968,4582.3722
969,4582.3722
970,4582.3677
971,4582.3516
972,4582.3472
973,4582.2901
974,4582.2944
975,4582.2945
976,4582.2025
977,4582.2130
978,4582.2130
979,4582.2045
980,4582.2089
981,4581.9229
982,4581.9115
983,4581.9014
984,4581.8662
985,4581.8715
986,4581.8810
987,4581.8797
988,4581.8865
989,4581.8909
990,4581.8865
991,4581.8865
992,4581.7754
993,4581.7341
994,4581.7341
995,4581.7341
996,4581.7324
997,4581.6749
998,4581.6875
999,4581.6831
1000,4581.6773
1001,4581.6794
1002,4581.6823
1003,4581.6867
1004,4581.6051
1005,4581.5794
1006,4581.8581
1007,4581.9406
1008,4582.0041
1009,4581.9941
1010,4582.0498
1011,4582.0322
1012,4582.0322
1013,4582.0278
1014,4582.0278
1015,4582.0278
1016,4582.0322
1017,4582.0295
1018,4582.0295
1019,4582.0274
1020,4582.0142
1021,4581.9857
1022,4581.9924
1023,4581.9880
1024,4581.9924
1025,4581.9854
1026,4581.9855
1027,4581.9855
1028,4581.9852
1029,4581.9751
1030,4581.9826
1031,4582.0064
1032,4582.0020
1033,4582.1172
1034,4582.1128
1035,4582.1111
1036,4582.1067
1037,4582.1050
1038,4582.1050
1039,4582.1050
1040,4582.1050
1041,4582.1019
1042,4581.9282
1043,4581.8570
1044,4581.7176
1045,4581.8954
1046,4581.8958
1047,4581.8959
1048,4581.8812
1049,4581.6050
1050,4581.6007
1051,4581.4182
1052,4581.2843
1053,4581.2430
1054,4581.0874
1055,4581.0867
1056,4581.0860
1057,4581.0795
1058,4581.0932
1059,4581.2734
1060,4581.3394
1061,4581.4086
1062,4581.4053
1063,4581.4169
1064,4581.4138
1065,4581.4182
1066,4581.4138
1067,4581.4182
1068,4581.4094
1069,4581.4051
1070,4581.4051
1071,4581.4071
1072,4581.4071
1073,4581.4115
1074,4581.4071
1075,4581.4094
1076,4581.4094
1077,4581.4094
1078,4581.4038
1079,4581.4102
1080,4581.4071
1081,4581.4148
1082,4582.7082
1083,4582.8269
1084,4583.4167
1085,4583.6309
1086,4583.6394
1087,4583.6350
1088,4583.5589
1089,4583.5422
1090,4583.5490
1091,4583.5503
1092,4583.5450
1093,4583.5471
1094,4583.5515
1095,4583.7492
1096,4583.7514
1097,4583.7857
1098,4583.8186
1099,4583.8198
1100,4583.8421
1101,4583.8626
1102,4583.8696
1103,4583.8746
1104,4583.8845
1105,4583.8858
1106,4583.9132
1107,4583.8613
1108,4583.8978
1109,4583.8978
1110,4583.9105
1111,4583.9694
1112,4583.9613
1113,4583.9657
1114,4583.9706
1115,4584.0175
1116,4584.0369
1117,4584.0396
1118,4584.0422
1119,4584.0398
1120,4584.0598
1121,4584.0765
1122,4584.0646
1123,4584.0937
1124,4584.1406
1125,4584.1530
1126,4584.1513
1127,4584.1737
1128,4584.2802
1129,4584.2620
1130,4584.2465
1131,4584.1292
1132,4584.0686
1133,4584.0693
1134,4584.0943
1135,4584.0077
1136,4584.0838
1137,4584.0877
1138,4584.0972
1139,4584.1087
1140,4584.0032
1141,4584.0120
1142,4584.0213
1143,4584.0516
1144,4584.0659
1145,4584.0722
1146,4584.0663
1147,4584.0861
1148,4584.0819
1149,4584.0876
1150,4584.0987
1151,4584.0898
1152,4584.1253
1153,4584.1214
1154,4584.1193
1155,4584.1157
1156,4584.1457
1157,4584.1457
1158,4584.1808
1159,4584.1689
1160,4584.1247
1161,4584.1150
1162,4584.1167
1163,4584.1167
1164,4584.1299
1165,4584.1389
1166,4584.1308
1167,4584.1307
1168,4584.1328
1169,4584.1328
1170,4584.1190
1171,4584.1184
1172,4584.1286
1173,4584.3721
1174,4584.7304
1175,4584.7831
1176,4584.7967
1177,4584.9274
1178,4584.9493
1179,4584.9274
1180,4584.9331
1181,4584.9338
1182,4584.9274
1183,4585.4483
1184,4585.8121
1185,4586.3606
1186,4586.3298
1187,4586.6010
1188,4586.7077
1189,4586.6545
1190,4586.6118
1191,4586.6387
1192,4586.6447
1193,4586.7268
1194,4586.9565
1195,4586.7076
1196,4586.8527
1197,4586.8560
1198,4586.8540
1199,4587.0126
1200,4587.0224
1201,4586.8676
1202,4586.8652
1203,4586.9029
1204,4586.3647
1205,4586.2438
1206,4586.0870
1207,4586.0826
1208,4585.9566
1209,4585.7130
1210,4585.1282
1211,4584.8753
1212,4584.8678
1213,4584.8407
1214,4585.1001
1215,4585.6521
1216,4585.4587
1217,4585.5070
1218,4585.5166
1219,4585.5190
1220,4585.5264
1221,4585.5231
1222,4585.5064
1223,4585.5279
1224,4585.4932
1225,4585.4553
1226,4584.9765
1227,4584.9721
1228,4584.9742
1229,4584.9674
1230,4584.6570
1231,4584.6682
1232,4584.6288
1233,4584.6423
1234,4584.7355
1235,4584.7210
1236,4584.7166
1237,4584.7196
1238,4584.7196
1239,4584.7046
1240,4584.6206
1241,4584.7203
1242,4584.6297
1243,4584.6642
1244,4584.7295
1245,4584.6618
1246,4584.7342
1247,4584.6622
1248,4584.8327
1249,4584.8391
1250,4584.7103
1251,4584.9024
1252,4584.8753
1253,4584.8753
1254,4584.8773
1255,4584.8319
1256,4584.9371
1257,4584.9347
1258,4585.4773
1259,4585.5921
1260,4585.7680
1261,4586.0365
1262,4586.2059
1263,4586.2080
1264,4586.2718
1265,4586.4826
1266,4586.4839
1267,4586.4859
1268,4586.4859
1269,4586.5866
1270,4586.5822
1271,4586.5835
1272,4586.5879
1273,4586.5770
1274,4586.5814
1275,4586.5771
1276,4586.5977
1277,4586.5770
1278,4586.6267
1279,4586.6267
1280,4586.6285
1281,4586.5723
1282,4586.6378
1283,4586.6377
1284,4586.6276
1285,4586.6265
1286,4586.6352
1287,4586.6331
1288,4586.6595
1289,4586.6585
1290,4586.6450
1291,4586.6576
1292,4586.6621
1293,4586.6537
1294,4586.6643
1295,4586.6643
1296,4586.4810
1297,4586.4603
1298,4586.4603
1299,4586.4532
1300,4586.4488
1301,4586.4533
1302,4586.0282
1303,4585.8763
1304,4585.7141
1305,4585.7186
1306,4585.6659
1307,4585.6453
1308,4585.5607
1309,4585.5587
1310,4585.5732
1311,4585.5736
1312,4585.7572
1313,4585.7572
1314,4585.7616
1315,4585.7287
1316,4585.8175
1317,4585.8137
1318,4585.7801
1319,4585.7025
1320,4585.6366
1321,4585.6849
1322,4585.6836
1323,4585.9123
1324,4585.8967
1325,4585.7737
1326,4585.7716
1327,4585.7613
1328,4585.7674
1329,4585.7597
1330,4585.7610
1331,4585.7553
1332,4585.7546
1333,4585.7650
1334,4585.9550
1335,4586.2583
1336,4586.2773
1337,4586.2817
1338,4586.1806
1339,4586.1792
1340,4586.2540
1341,4586.2526
1342,4586.0731
1343,4586.0799
1344,4586.0681
1345,4586.0742
1346,4586.0742
1347,4586.0699
1348,4586.0681
1349,4586.1490
1350,4586.0799
1351,4586.0919
1352,4586.0520
1353,4586.0563
1354,4586.2247
1355,4586.3355
1356,4586.3738
1357,4586.4319
1358,4586.4319
1359,4586.4029
1360,4586.4709
1361,4586.4652
1362,4586.4719
1363,4586.9130
1364,4587.7552
1365,4587.7596
1366,4588.1160
1367,4588.1161
1368,4588.0686
1369,4588.0629
1370,4588.0628
1371,4588.1383
1372,4588.1339
1373,4588.0767
1374,4588.0718
1375,4588.0735
1376,4588.1752
1377,4588.2885
1378,4588.2885
1379,4588.2885
1380,4588.2841
1381,4588.2250
1382,4588.2345
1383,4588.2344
1384,4588.2303
1385,4587.5001
1386,4587.5001
1387,4587.5088
1388,4587.4296
1389,4586.9357
1390,4586.7426
1391,4586.0963
1392,4586.1342
1393,4586.0766
1394,4586.0766
1395,4586.0786
1396,4586.0817
1397,4586.0915
1398,4586.0915
1399,4586.0915
1400,4586.8975
1401,4586.8975
1402,4586.9220
1403,4587.2265
1404,4587.5558
1405,4587.7121
1406,4587.3999
1407,4587.4409
1408,4587.4360
1409,4587.4181
1410,4587.5544
1411,4587.6139
1412,4587.6139
1413,4587.4914
1414,4587.5330
1415,4587.5330
1416,4587.4605
1417,4587.4605
1418,4587.4605
1419,4587.4605
1420,4587.5251
1421,4587.5207
1422,4587.5251
1423,4587.5194
1424,4587.4790
1425,4587.3383
1426,4587.3427
1427,4587.2935
1428,4587.2935
1429,4587.2935
1430,4587.2935
1431,4587.2979
1432,4587.3001
1433,4587.3001
1434,4587.2828
1435,4587.4038
1436,4587.3346
1437,4587.3346
1438,4587.0965
1439,4587.0880
1440,4587.0336
1441,4587.0336
1442,4586.0824
1443,4586.1625
1444,4586.0089
1445,4586.0025
1446,4586.0153
1447,4585.9075
1448,4585.8321
1449,4585.8378
1450,4585.8378
1451,4586.0828
1452,4586.1079
1453,4586.1826
1454,4586.1762
1455,4586.1806
1456,4586.0862
1457,4586.0882
1458,4586.0882
1459,4586.0882
1460,4586.0838
1461,4586.0838
1462,4586.0862
1463,4586.0818
1464,4585.8953
1465,4585.4265
1466,4585.2927
1467,4585.1345
1468,4585.1301
1469,4585.1301
1470,4585.1325
1471,4585.1325
1472,4585.0784
1473,4585.0476
1474,4585.0476
1475,4585.1083
1476,4585.1083
1477,4585.1127
1478,4584.9522
1479,4584.9417
1480,4584.9451
1481,4584.9407
1482,4584.9343
1483,4584.9363
1484,4585.1062
1485,4585.1062
1486,4585.1812
1487,4585.1734
1488,4585.1730
1489,4585.1749
1490,4584.7043
1491,4584.6727
1492,4584.5756
1493,4584.5712
1494,4584.5708
1495,4584.5708
1496,4584.5752
1497,4584.5708
1498,4584.5708
1499,4584.5495
1500,4584.5495
1501,4584.7248
1502,4583.2421
1503,4583.5834
1504,4583.2484
1505,4582.8813
1506,4582.8769
1507,4582.8377
1508,4582.8354
1509,4582.8416
1510,4582.8636
1511,4582.9126
1512,4582.9167
1513,4582.6548
1514,4582.6623
1515,4582.7401
1516,4582.7414
1517,4582.7210
1518,4582.6597
1519,4582.6634
1520,4582.6553
1521,4582.6573
1522,4582.6529
1523,4582.6423
1524,4582.6413
1525,4582.4453
1526,4582.3635
1527,4582.3635
1528,4582.3567
1529,4582.5132
1530,4582.5340
1531,4583.7527
1532,4583.9325
1533,4584.3218
1534,4584.3526
1535,4584.3526
1536,4584.4093
1537,4584.5719
1538,4584.5699
1539,4584.5699
1540,4584.4204
1541,4584.4248
1542,4584.4248
1543,4584.4248
1544,4584.4191
1545,4584.4807
1546,4584.4807
1547,4584.4851
1548,4584.4851
1549,4584.6409
1550,4584.6431
1551,4584.6496
1552,4584.6693
1553,4584.5574
1554,4584.5450
1555,4584.5062
1556,4584.5725
1557,4584.5296
1558,4584.5164
1559,4584.5089
1560,4584.5348
1561,4584.5027
1562,4584.5071
1563,4584.5027
1564,4584.5085
1565,4584.5393
1566,4584.5393
1567,4584.5348
1568,4584.5450
1569,4584.5493
1570,4584.5493
1571,4584.5436
1572,4584.5548
1573,4584.5548
1574,4584.5582
1575,4584.4394
1576,4584.5010
1577,4584.2162
1578,4584.2132
1579,4584.2132
1580,4584.1543
1581,4584.1542
1582,4584.1542
1583,4584.1182
1584,4584.1181
1585,4584.1225
1586,4584.1202
1587,4584.1312
1588,4584.1312
1589,4584.1129
1590,4584.1149
1591,4584.1118
1592,4584.1030
1593,4584.1074
1594,4584.1074
1595,4584.1030
1596,4584.1077
1597,4584.0975
1598,4584.0975
1599,4584.0942
1600,4584.0414
1601,4584.0414
1602,4584.0448
1603,4584.0403
1604,4584.0403
1605,4584.0403
1606,4584.3772
1607,4584.3765
1608,4584.3654
1609,4584.3654
1610,4584.3654
1611,4584.3654
1612,4584.3654
1613,4584.3713
1614,4584.3700
1615,4584.3700
1616,4584.3686
1617,4584.3686
1618,4584.3743
1619,4584.3700
1620,4584.3699
1621,4584.3277
1622,4584.3299
1623,4584.3299
1624,4584.3277
1625,4584.4226
1626,4584.8299
1627,4584.9111
1628,4584.9419
1629,4584.9419
1630,4584.9375
1631,4584.9652
1632,4584.9696
1633,4584.9652
1634,4584.9652
1635,4584.9652
1636,4584.9652
1637,4584.9683
1638,4584.9639
1639,4584.9683
1640,4584.9639
1641,4584.9683
1642,4585.8255
1643,4585.8191
1644,4585.9463
1645,4585.9462
1646,4585.9463
1647,4585.9463
1648,4585.8702
1649,4585.8460
1650,4585.8909
1651,4585.8908
1652,4585.8908
1653,4585.8844
1654,4585.8888
1655,4585.8888
1656,4585.8885
1657,4585.7039
1658,4585.8679
1659,4585.8591
1660,4585.9485
1661,4585.9465
1662,4585.8410
1663,4585.8305
1664,4585.7425
1665,4585.6977
1666,4585.8986
1667,4585.8442
1668,4585.8463
1669,4585.8463
1670,4585.8570
1671,4585.8526
1672,4585.7251
1673,4585.7826
1674,4585.7799
1675,4585.7837
1676,4585.7837
1677,4585.8404
1678,4585.9156
1679,4585.9200
1680,4585.9114
1681,4585.9993
1682,4586.1185
1683,4586.5821
1684,4586.6085
1685,4587.3708
1686,4587.6424
1687,4587.7875
1688,4588.7270
1689,4588.9510
1690,4589.1695
1691,4589.4406
1692,4589.5102
1693,4589.5340
1694,4589.5353
1695,4589.7547
1696,4591.3007
1697,4591.7640
1698,4591.7555
1699,4591.7366
1700,4591.7410
1701,4591.7542
1702,4592.3390
1703,4592.6349
1704,4592.6728
1705,4592.6772
1706,4592.7088
1707,4592.7060
1708,4592.5633
1709,4592.7470
1710,4592.6746
1711,4592.4305
1712,4592.4384
1713,4592.4428
1714,4592.4384
1715,4592.2348
1716,4591.7322
1717,4591.7278
1718,4591.6626
1719,4591.2631
1720,4590.9515
1721,4590.7423
1722,4590.6641
1723,4590.6618
1724,4590.6661
1725,4590.6403
1726,4590.6478
1727,4590.6457
1728,4590.6013
1729,4590.6076
1730,4590.5874
1731,4590.6010
1732,4590.6010
1733,4590.6010
1734,4590.5990
1735,4590.6532
1736,4590.7249
1737,4590.7249
1738,4590.7108
1739,4590.6910
1740,4590.6890
1741,4590.6011
1742,4590.6011
1743,4590.4727
1744,4590.4399
1745,4590.2571
1746,4590.1617
1747,4590.1766
1748,4589.4996
1749,4589.4723
1750,4589.3932
1751,4589.4468
1752,4589.3853
1753,4589.3833
1754,4589.3956
1755,4589.4203
1756,4589.4076
1757,4589.3015
1758,4589.1961
1759,4589.0906
1760,4588.6475
1761,4588.6597
1762,4588.6540
1763,4588.5385
1764,4588.6044
1765,4588.5999
1766,4588.6616
1767,4588.5321
1768,4588.4306
1769,4588.4732
1770,4588.9304
1771,4588.5929
1772,4588.4830
1773,4588.4830
1774,4588.6325
1775,4588.6325
1776,4588.6384
1777,4588.4933
1778,4588.5050
1779,4588.1083
1780,4587.3390
1781,4587.3322
1782,4587.2817
1783,4587.2817
1784,4587.2216
1785,4587.2318
1786,4587.1878
1787,4587.0725
1788,4586.9743
1789,4586.9805
1790,4586.9789
1791,4586.9481
1792,4586.9582
1793,4586.9582
1794,4586.8872
1795,4586.9892
1796,4586.9936
1797,4586.9936
1798,4586.9895
1799,4586.9838
1800,4586.9487
1801,4586.8719
1802,4586.8851
1803,4586.8828
1804,4587.1328
1805,4586.7207
1806,4586.5947
1807,4586.5362
1808,4586.5389
1809,4586.4760
1810,4586.5351
1811,4586.5590
1812,4586.5591
1813,4586.5426
1814,4586.5338
1815,4586.5338
1816,4586.5369
1817,4586.5524
1818,4587.2490
1819,4587.2490
1820,4587.4356
1821,4587.4381
1822,4587.4404
1823,4587.4405
1824,4587.4371
1825,4587.4510
1826,4587.4525
1827,4587.5580
1828,4587.5882
1829,4587.6444
1830,4587.6488
1831,4587.7631
1832,4587.8662
1833,4587.8515
1834,4587.8363
1835,4587.9564
1836,4587.9453
1837,4587.8445
1838,4588.2800
1839,4588.5441
1840,4588.5441
1841,4588.5405
1842,4588.5405
1843,4588.6131
1844,4588.6960
1845,4588.5466
1846,4588.5835
1847,4588.4837
1848,4588.4793
1849,4588.3110
1850,4588.2165
1851,4588.3108
1852,4588.4036
1853,4588.4036
1854,4588.4036
1855,4588.0415
1856,4587.7967
1857,4587.5963
1858,4587.4781
1859,4587.3150
1860,4587.4539
1861,4587.3838
1862,4587.3795
1863,4587.3812
1864,4587.0647
1865,4587.2341
1866,4587.3876
1867,4587.3889
1868,4587.3889
1869,4587.4255
1870,4586.5415
1871,4586.5350
1872,4586.4335
1873,4586.4335
1874,4586.4335
1875,4586.4275
1876,4586.3824
1877,4586.3872
1878,4586.3793
1879,4586.3824
1880,4586.3861
1881,4586.3925
1882,4586.3134
1883,4586.3090
1884,4586.3070
1885,4586.3070
1886,4586.3083
1887,4586.3218
1888,4586.3218
1889,4586.3263
1890,4586.3219
1891,4586.3306
1892,4586.3364
1893,4586.3425
1894,4586.3293
1895,4586.3380
1896,4586.3380
1897,4586.3307
1898,4586.3412
1899,4586.3217
1900,4586.3217
1901,4586.3324
1902,4586.3398
1903,4586.3449
1904,4586.7717
1905,4586.8168
1906,4587.1289
1907,4587.7450
1908,4587.8795
1909,4587.8795
1910,4587.9191
1911,4587.9261
1912,4587.9386
1913,4587.9305
1914,4587.5839
1915,4587.5848
1916,4587.5777
1917,4586.8162
1918,4586.8397
1919,4586.8413
1920,4586.8369
1921,4586.8369
1922,4586.7697
1923,4586.6838
1924,4586.6794
1925,4586.6286
1926,4586.6330
1927,4586.6381
1928,4586.7248
1929,4586.7799
1930,4586.8239
1931,4586.8238
1932,4586.7230
1933,4586.7714
1934,4586.5303
1935,4586.5200
1936,4586.5584
1937,4586.6361
1938,4586.8039
1939,4586.8039
1940,4586.6896
1941,4586.6872
1942,4586.6980
1943,4586.6980
1944,4586.6936
1945,4586.7740
1946,4586.7720
1947,4586.7696
1948,4586.7652
1949,4586.7676
1950,4586.7676
1951,4586.7720
1952,4586.7764
1953,4586.7771
1954,4586.8123
1955,4586.8078
1956,4586.8143
1957,4586.8078
1958,4586.8093
1959,4586.2091
1960,4585.7278
1961,4585.4044
1962,4585.5325
1963,4585.6768
1964,4585.7968
1965,4585.7924
1966,4586.0228
1967,4586.2464
1968,4586.1626
1969,4586.1846
1970,4586.2155
1971,4586.2232
1972,4586.2780
1973,4586.2770
1974,4586.2128
1975,4586.2062
1976,4586.1622
1977,4586.1720
1978,4586.1808
1979,4586.1808
1980,4586.2155
1981,4586.3393
1982,4586.3444
1983,4586.3400
1984,4586.4311
1985,4586.3571
1986,4586.4380
1987,4586.4679
1988,4586.3616
1989,4586.3733
1990,4586.3733
1991,4586.3755
1992,4586.3755
1993,4586.4633
1994,4586.4590
1995,4586.4488
1996,4586.5510
1997,4586.9420
1998,4586.9552
1999,4586.9562
2000,4587.1448
2001,4586.8635
2002,4587.1743
2003,4587.1927
2004,4586.8420
2005,4586.8390
2006,4586.9093
2007,4586.9093
2008,4586.9661
2009,4586.7902
2010,4586.7903
2011,4586.8738
2012,4586.9461
2013,4586.9552
2014,4587.0797
2015,4587.0797
2016,4586.8732
2017,4587.0685
2018,4587.1344
2019,4586.9266
2020,4586.9342
2021,4586.9571
2022,4587.0288
2023,4586.7035
2024,4586.6126
2025,4586.6139
2026,4586.5885
2027,4586.6961
2028,4587.3214
2029,4588.8084
2030,4588.9168
2031,4589.1180
2032,4588.9729
2033,4588.9584
2034,4588.9584
2035,4589.1136
2036,4589.1137
2037,4589.1120
2038,4589.0959
2039,4589.1336
2040,4589.3498
2041,4589.8179
2042,4590.5870
2043,4590.6417
2044,4590.6400
2045,4590.6413
2046,4590.6569
2047,4590.6613
2048,4590.6695
2049,4590.6695
2050,4590.6716
2051,4590.6716
2052,4590.6716
2053,4590.6804
2054,4590.7620
2055,4591.6596
2056,4591.8620
2057,4591.8046
2058,4592.0753
2059,4592.3778
2060,4592.2737
2061,4592.2781
2062,4592.5317
2063,4593.2654
2064,4593.2871
2065,4593.2926
2066,4593.2942
2067,4593.2898
2068,4593.5113
2069,4593.5189
2070,4593.6213
2071,4593.6082
2072,4593.2826
2073,4593.3046
2074,4593.4029
2075,4593.3195
2076,4593.3447
2077,4593.3490
2078,4593.3453
2079,4593.4129
2080,4593.5022
2081,4593.5132
2082,4593.4383
2083,4593.4385
2084,4593.4156
2085,4593.3831
2086,4593.4108
2087,4593.4726
2088,4593.4683
2089,4593.4682
2090,4593.4467
2091,4593.4356
2092,4593.4488
2093,4593.4488
2094,4593.4455
2095,4593.4654
2096,4593.4654
2097,4593.4698
2098,4593.5386
2099,4593.6283
2100,4593.6006
2101,4593.6002
2102,4593.6173
2103,4592.9097
2104,4592.9992
2105,4593.2182
2106,4593.0590
2107,4593.0472
2108,4592.7979
2109,4592.9913
2110,4592.6632
2111,4592.1728
2112,4592.2616
2113,4591.8461
2114,4591.8622
2115,4591.6595
2116,4591.8191
2117,4591.9253
2118,4592.2936
2119,4592.5072
2120,4592.6158
2121,4591.8585
2122,4592.3725
2123,4592.3565
2124,4592.3851
2125,4593.9653
2126,4594.0764
2127,4594.3224
2128,4594.8558
2129,4595.0720
2130,4594.9437
2131,4595.6974
2132,4595.7922
2133,4596.0553
2134,4595.9366
2135,4596.0337
2136,4596.0939
2137,4596.4546
2138,4596.2859
2139,4596.2708
2140,4596.2732
2141,4596.5910
2142,4596.9877
2143,4597.3276
2144,4597.0317
2145,4597.0361
2146,4597.3374
2147,4597.5527
2148,4597.5454
2149,4597.6123
2150,4597.4405
2151,4597.2839
2152,4597.1907
2153,4597.1999
2154,4597.1002
2155,4597.0285
2156,4597.0117
2157,4597.0948
2158,4597.7165
2159,4597.5871
2160,4598.0084
2161,4598.2331
2162,4598.2733
2163,4598.3038
2164,4598.3742
2165,4598.8926
2166,4598.9214
2167,4599.0100
2168,4598.6614
2169,4598.9878
2170,4599.1757
2171,4598.7171
2172,4599.0567
2173,4597.9892
2174,4598.2212
2175,4597.4743
2176,4597.2199
2177,4597.9326
2178,4597.4301
2179,4596.8911
2180,4597.1709
2181,4596.9542
2182,4596.9310
2183,4596.7575
2184,4596.9080
2185,4596.8966
2186,4596.5317
2187,4596.6425
2188,4596.5369
2189,4596.5902
2190,4596.4874
2191,4596.3018
2192,4596.2359
2193,4594.6443
2194,4594.8068
2195,4594.2462
2196,4594.1907
2197,4594.0611
2198,4594.2122
2199,4594.1970
2200,4593.9883
2201,4593.9585
2202,4593.6783
2203,4593.7398
2204,4593.4791
2205,4593.4791
2206,4593.3033
2207,4593.3076
2208,4593.3318
2209,4593.4896
2210,4593.3313
2211,4592.6021
2212,4592.4794
2213,4592.4340
2214,4592.0120
2215,4592.6318
2216,4592.8388
2217,4592.6217
2218,4593.0049
2219,4593.4071
2220,4593.2584
2221,4593.4440
2222,4593.3490
2223,4593.3490
2224,4593.3437
2225,4593.2976
2226,4593.1576
2227,4593.1704
2228,4593.0996
2229,4594.6974
2230,4594.7469
2231,4594.8257
2232,4595.0407
2233,4595.1216
2234,4595.0513
2235,4595.0952
2236,4594.9784
2237,4594.9942
2238,4594.9942
2239,4594.9335
2240,4594.9816
2241,4594.8074
2242,4594.2656
2243,4594.1965
2244,4594.3512
2245,4594.3365
2246,4594.3366
2247,4595.2249
2248,4595.5353
2249,4595.5844
2250,4595.6010
2251,4595.6467
2252,4595.6467
2253,4595.7917
2254,4595.7386
2255,4595.7221
2256,4595.6547
2257,4595.2031
2258,4594.8567
2259,4594.7478
2260,4594.8767
2261,4595.2339
2262,4595.2972
2263,4595.6538
2264,4595.6562
2265,4596.0336
2266,4596.5545
2267,4596.5613
2268,4596.5549
2269,4596.3175
2270,4596.1915
2271,4596.2797
2272,4596.3061
2273,4596.1919
2274,4596.1509
2275,4596.4668
2276,4596.4622
2277,4596.4579
2278,4596.6628
2279,4596.6628
2280,4596.6585
2281,4596.6629
2282,4596.7473
2283,4596.7388
2284,4596.6685
2285,4596.4329
2286,4596.3530
2287,4596.6809
2288,4596.7380
2289,4596.8520
2290,4596.8310
2291,4596.5304
2292,4596.7942
2293,4596.8265
2294,4596.8457
2295,4596.8340
2296,4596.7022
2297,4596.8384
2298,4597.5368
2299,4597.6990
2300,4597.9760
2301,4597.9160
2302,4598.1954
2303,4598.0513
2304,4597.1502
2305,4596.9634
2306,4596.9654
2307,4596.9610
2308,4597.1259
2309,4597.2696
2310,4597.3815
2311,4597.3815
2312,4597.2875
2313,4597.4079
2314,4597.5318
2315,4597.5318
2316,4597.5357
2317,4597.6595
2318,4597.3260
2319,4597.3305
2320,4597.1199
2321,4597.0199
2322,4596.9201
2323,4596.9242
2324,4596.8875
2325,4597.1220
2326,4597.3270
2327,4597.7403
2328,4597.7983
2329,4597.6847
2330,4597.6888
2331,4597.6625
2332,4597.6581
2333,4597.6768
2334,4597.6699
2335,4597.6259
2336,4597.6720
2337,4597.6184
2338,4597.6227
2339,4597.5173
2340,4597.6711
2341,4597.6456
2342,4597.6490
2343,4597.7471
2344,4597.7410
2345,4597.9100
2346,4597.9161
2347,4597.5734
2348,4596.8891
2349,4596.8935
2350,4596.8871
2351,4596.8915
2352,4596.8146
2353,4596.8434
2354,4596.7708
2355,4596.9382
2356,4596.6427
2357,4596.6407
2358,4596.6387
2359,4596.6428
2360,4596.6543
2361,4596.6543
2362,4596.6543
2363,4596.6222
2364,4596.6216
2365,4596.6216
2366,4596.5888
2367,4596.3288
2368,4596.1385
2369,4596.0709
2370,4595.9103
2371,4595.7911
2372,4595.7912
2373,4595.5989
2374,4595.3765
2375,4595.6719
2376,4595.5531
2377,4595.5698
2378,4595.5277
2379,4595.6369
2380,4595.8504
2381,4595.9077
2382,4595.9700
2383,4595.9714
2384,4596.0512
2385,4596.0644
2386,4596.0731
2387,4596.0812
2388,4595.9457
2389,4595.9457
2390,4596.0380
2391,4596.0367
2392,4595.7490
2393,4595.7612
2394,4595.7537
2395,4595.8690
2396,4595.9908
2397,4595.9768
2398,4596.0207
2399,4596.0282
2400,4596.3496
2401,4596.7437
2402,4596.9241
2403,4596.9240
2404,4596.6548
2405,4596.6541
2406,4596.5332
2407,4596.5264
2408,4596.5375
2409,4596.2092
2410,4596.3980
2411,4596.4501
2412,4596.4354
2413,4596.4354
2414,4596.4228
2415,4596.4721
2416,4596.4677
2417,4596.4018
2418,4596.4225
2419,4596.4269
2420,4596.4620
2421,4596.4556
2422,4596.3000
2423,4596.2956
2424,4596.4187
2425,4596.4450
2426,4596.4498
2427,4596.4394
2428,4596.0355
2429,4595.6024
2430,4595.4191
2431,4595.6202
2432,4595.6161
2433,4595.6023
2434,4595.5979
2435,4595.6291
2436,4595.6315
2437,4595.4269
2438,4595.4332
2439,4595.4335
2440,4595.3275
2441,4595.3152
2442,4595.2749
2443,4595.3283
2444,4595.3309
2445,4595.3322
2446,4595.3316
2447,4595.2920
2448,4595.3423
2449,4595.4031
2450,4595.2672
2451,4595.0963
2452,4595.0105
2453,4594.9749
2454,4594.9749
2455,4594.6142
2456,4594.5270
2457,4594.4096
2458,4594.3239
2459,4594.1731
2460,4593.9951
2461,4593.9557
2462,4593.9513
2463,4593.9182
2464,4593.9185
2465,4593.7594
2466,4593.7549
2467,4593.7593
2468,4593.7573
2469,4593.7223
2470,4593.6779
2471,4593.6652
2472,4593.7704
2473,4593.7704
2474,4593.8798
2475,4593.8798
2476,4593.8798
2477,4593.7040
2478,4593.5897
2479,4593.6569
2480,4593.6569
2481,4593.6525
2482,4593.6463
2483,4593.6420
2484,4593.5396
2485,4593.4203
2486,4593.4914
2487,4593.4913
2488,4593.3865
2489,4592.9739
2490,4593.0633
2491,4592.9874
2492,4592.8625
2493,4593.0295
2494,4593.0320
2495,4592.9932
2496,4593.0847
2497,4593.0663
2498,4593.2040
2499,4593.2116
2500,4593.2129
2501,4593.2155
2502,4593.5695
2503,4593.9546
2504,4594.0872
2505,4594.2084
2506,4594.2020
2507,4594.2137
2508,4594.1549
2509,4594.1516
2510,4594.1598
2511,4594.2096
2512,4594.1605
2513,4593.9504
2514,4593.9528
2515,4594.0755
2516,4594.0995
2517,4594.1349
2518,4594.1319
2519,4594.1275
2520,4594.0748
2521,4594.0154
2522,4593.9846
2523,4593.9375
2524,4594.0239
2525,4594.0239
2526,4594.1645
2527,4594.1402
2528,4594.1553
2529,4593.9263
2530,4593.9344
2531,4593.9929
2532,4593.9967
2533,4594.2716
2534,4593.6828
2535,4593.4420
2536,4593.6691
2537,4593.6405
2538,4593.6405
2539,4593.5320
2540,4593.3957
2541,4593.4836
2542,4593.4816
2543,4593.2547
2544,4593.3207
2545,4593.3125
2546,4592.9480
2547,4592.5243
2548,4592.4979
2549,4592.4894
2550,4592.4995
2551,4592.4967
2552,4592.4308
2553,4592.2194
2554,4591.9475
2555,4591.8850
2556,4591.6233
2557,4591.8650
2558,4591.8650
2559,4591.8681
2560,4591.9494
2561,4592.0792
2562,4592.5061
2563,4592.6783
2564,4592.8224
2565,4592.8180
2566,4592.4094
2567,4592.4303
2568,4592.4226
2569,4592.4828
2570,4592.5232
2571,4592.5982
2572,4592.5521
2573,4592.4506
2574,4592.1215
2575,4591.9788
2576,4592.8911
2577,4592.8084
2578,4592.8601
2579,4592.8566
2580,4592.6324
2581,4592.7231
2582,4592.9033
2583,4591.9798
2584,4592.0881
2585,4592.6189
2586,4592.7369
2587,4592.5950
2588,4592.5164
2589,4592.4894
2590,4592.4938
2591,4592.4256
2592,4592.4485
2593,4592.2299
2594,4592.2470
2595,4592.2351
2596,4592.3494
2597,4592.2304
2598,4592.1819
2599,4592.2095
2600,4592.2057
2601,4592.2172
2602,4592.2046
2603,4592.2046
2604,4592.2222
2605,4592.1777
2606,4591.9162
2607,4591.9118
2608,4591.7542
2609,4591.6460
2610,4591.6328
2611,4591.6440
2612,4591.8594
2613,4591.5884
2614,4591.7866
2615,4592.0626
2616,4592.0690
2617,4592.2871
2618,4592.2871
2619,4592.2858
2620,4592.2901
2621,4592.3239
2622,4592.3239
2623,4592.2928
2624,4592.2889
2625,4592.2821
2626,4592.2935
2627,4592.6801
2628,4593.2606
2629,4593.4769
2630,4593.4875
2631,4593.5181
2632,4593.5310
2633,4593.5881
2634,4592.8618
2635,4593.0176
2636,4593.0189
2637,4592.9914
2638,4592.9955
2639,4593.0232
2640,4593.0838
2641,4593.1343
2642,4593.2601
2643,4593.2588
2644,4593.2571
2645,4593.2703
2646,4593.2659
2647,4593.1938
2648,4593.1959
2649,4593.1907
2650,4593.1596
2651,4593.2138
2652,4593.3291
2653,4593.3260
2654,4593.6867
2655,4593.7092
2656,4593.5747
2657,4593.6979
2658,4593.8172
2659,4593.8173
2660,4593.8173
2661,4593.8128
2662,4593.9117
2663,4593.9119
2664,4593.9160
2665,4593.9002
2666,4593.9002
2667,4593.9002
2668,4593.9046
2669,4593.9103
2670,4593.7356
2671,4593.9290
2672,4593.9208
2673,4593.8701
2674,4593.9276
2675,4593.9215
2676,4593.9956
2677,4593.9956
2678,4593.9912
2679,4594.0119
2680,4594.0272
2681,4594.0220
2682,4594.0175
2683,4594.0115
2684,4594.0217
2685,4594.0116
2686,4594.0093
2687,4594.0092
2688,4594.0123
2689,4594.0026
2690,4594.0026
2691,4594.0080
2692,4593.7842
2693,4593.8985
2694,4593.8985
2695,4593.8941
2696,4593.9078
2697,4592.7642
2698,4592.7766
2699,4592.8350
2700,4592.4492
2701,4592.1541
2702,4592.1061
2703,4592.4694
2704,4592.7284
2705,4592.7328
2706,4592.7389
2707,4592.7056
2708,4592.8194
2709,4592.7999
2710,4592.8100
2711,4592.6432
2712,4592.6432
2713,4592.6432
2714,4592.6476
2715,4592.8089
2716,4592.7258
2717,4592.7242
2718,4592.7286
2719,4592.8185
2720,4592.6308
2721,4592.6295
2722,4592.6267
2723,4592.6259
2724,4592.6232
2725,4591.9959
2726,4592.0663
2727,4591.9505
2728,4590.7967
2729,4590.5773
2730,4590.6538
2731,4590.6659
2732,4590.6303
2733,4590.6201
2734,4590.6627
2735,4590.7142
2736,4590.7141
2737,4590.7260
2738,4590.7317
2739,4590.4836
2740,4590.5024
2741,4590.3412
2742,4590.3441
2743,4590.2799
2744,4590.2465
2745,4590.2465
2746,4590.2485
2747,4590.1694
2748,4590.1694
2749,4590.1694
2750,4590.1528
2751,4590.1589
2752,4590.1866
2753,4590.1823
2754,4590.1564
2755,4590.1563
2756,4590.1550
2757,4590.1574
2758,4590.1574
2759,4589.8329
2760,4589.8132
2761,4589.7574
2762,4589.7553
2763,4589.7212
2764,4589.5811
2765,4589.5896
2766,4590.2403
2767,4590.3787
2768,4590.0251
2769,4589.9858
2770,4589.9432
2771,4589.7005
2772,4589.5965
2773,4589.6425
2774,4589.7147
2775,4589.8029
2776,4589.8905
2777,4589.9136
2778,4589.9342
2779,4590.0705
2780,4590.1564
2781,4590.5599
2782,4590.2784
2783,4590.3628
2784,4590.3672
2785,4590.3496
2786,4590.3496
2787,4590.3258
2788,4590.3841
2789,4590.3797
2790,4590.3577
2791,4590.0181
2792,4589.9260
2793,4589.9260
2794,4589.9216
2795,4589.7298
2796,4589.5687
2797,4589.5687
2798,4589.5707
2799,4589.5112
2800,4589.5048
2801,4589.5092
2802,4589.5092
2803,4589.3332
2804,4589.2114
2805,4589.2114
2806,4589.2114
2807,4589.2057
2808,4589.1648
2809,4589.1669
2810,4589.2322
2811,4589.2273
2812,4589.2022
2813,4589.1090
2814,4588.7315
2815,4588.3675
2816,4588.2474
2817,4588.1758
2818,4588.1860
2819,4588.1214
2820,4587.8970
2821,4587.9585
2822,4587.8458
2823,4587.7873
2824,4587.6369
2825,4587.5006
2826,4587.1682
2827,4587.3287
2828,4587.3020
2829,4587.1658
2830,4587.1504
2831,4587.3611
2832,4587.3963
2833,4587.1765
2834,4587.1545
2835,4587.0241
2836,4586.9443
2837,4586.5856
2838,4586.6038
2839,4586.1925
2840,4586.1984
2841,4586.2045
2842,4586.2833
2843,4586.4216
2844,4586.5414
2845,4586.7343
2846,4586.6281
2847,4586.3319
2848,4586.2902
2849,4586.3530
2850,4586.2672
2851,4586.2141
2852,4586.3911
2853,4586.3846
2854,4586.4699
2855,4586.4642
2856,4586.2958
2857,4586.2663
2858,4586.2219
2859,4586.1630
2860,4586.1339
2861,4586.0657
2862,4586.1712
2863,4586.2463
2864,4586.4063
2865,4586.4064
2866,4586.4107
2867,4586.4064
2868,4586.4514
2869,4586.4514
2870,4586.4392
2871,4586.4027
2872,4586.3547
2873,4586.1921
2874,4586.1877
2875,4586.1877
2876,4586.3476
2877,4586.2861
2878,4586.3919
2879,4586.2593
2880,4586.4703
2881,4586.2945
2882,4586.3181
2883,4586.2184
2884,4586.2184
2885,4586.5342
2886,4586.3496
2887,4586.2327
2888,4587.3327
2889,4587.6566
2890,4587.8388
2891,4587.9261
2892,4587.6261
2893,4587.7293
2894,4588.0238
2895,4587.9285
2896,4587.9438
2897,4587.9438
2898,4587.9493
2899,4588.0361
2900,4588.2702
2901,4588.2961
2902,4588.2938
2903,4588.6438
2904,4589.6000
2905,4589.6916
2906,4589.7147
2907,4590.2733
2908,4590.2692
2909,4590.2780
2910,4590.4951
2911,4590.4380
2912,4590.5171
2913,4591.1017
2914,4591.4601
2915,4591.4752
2916,4591.2265
2917,4591.2790
2918,4591.6949
2919,4592.4268
2920,4592.4309
2921,4592.4309
2922,4592.9224
2923,4593.0264
2924,4593.3855
2925,4593.3999
2926,4593.4891
2927,4593.4916
2928,4593.4806
2929,4593.1324
2930,4593.1196
2931,4593.0668
2932,4592.9476
2933,4592.9520
2934,4593.0412
2935,4593.1268
2936,4593.0683
2937,4593.0420
2938,4593.0206
2939,4593.0660
2940,4593.0431
2941,4593.0514
2942,4593.1290
2943,4593.1458
2944,4593.4106
2945,4593.3615
2946,4593.3558
2947,4593.3557
2948,4593.3566
2949,4593.0917
2950,4593.0917
2951,4593.0066
2952,4593.0154
2953,4593.4037
2954,4593.4023
2955,4593.4044
2956,4593.4440
2957,4593.4254
2958,4593.4662
2959,4593.4618
2960,4593.3651
2961,4593.4896
2962,4593.5013
2963,4593.5041
2964,4593.4993
2965,4593.4973
2966,4593.5105
2967,4593.5095
2968,4593.6078
2969,4593.5902
2970,4593.5207
2971,4593.5099
2972,4593.5978
2973,4593.6088
2974,4593.6660
2975,4593.7578
2976,4593.7093
2977,4593.5346
2978,4593.5856
2979,4593.5774
2980,4593.5771
2981,4593.5308
2982,4593.0140
2983,4592.5006
2984,4592.4039
2985,4592.4039
2986,4592.1075
2987,4592.0987
2988,4592.0239
2989,4592.0262
2990,4592.0952
2991,4592.1701
2992,4592.1629
2993,4592.1294
2994,4592.1743
2995,4592.4951
2996,4592.5487
2997,4592.5466
2998,4592.6540
2999,4592.6607
3000,4592.3981
3001,4592.3271
3002,4592.3770
3003,4592.3769
3004,4592.3715
3005,4592.4281
3006,4592.5380
3007,4592.5418
3008,4593.2181
3009,4593.5783
3010,4593.5840
3011,4593.3950
3012,4593.3615
3013,4593.3659
3014,4593.3659
3015,4593.3700
3016,4593.5001
3017,4593.4704
3018,4593.4300
3019,4593.5440
3020,4593.5352
3021,4593.6236
3022,4593.6528
3023,4593.4656
3024,4593.4681
3025,4593.5588
3026,4593.5430
3027,4593.5038
3028,4593.4445
3029,4593.4326
3030,4593.3430
3031,4593.2770
3032,4593.2431
3033,4593.2431
3034,4592.8868
3035,4592.6462
3036,4592.6575
3037,4592.6478
3038,4592.5605
3039,4592.5630
3040,4592.6154
3041,4592.6724
3042,4592.6511
3043,4592.6521
3044,4592.6521
3045,4592.7652
3046,4592.7665
3047,4592.8415
3048,4593.1324
3049,4593.1341
3050,4593.0812
3051,4593.0748
3052,4593.1320
3053,4593.4140
3054,4593.4783
3055,4593.6066
3056,4593.6471
3057,4593.6168
3058,4593.6715
3059,4593.6702
3060,4593.6566
3061,4593.6566
3062,4593.6610
3063,4593.6503
3064,4593.6472
3065,4593.6830
3066,4593.6610
3067,4593.6786
3068,4593.8055
3069,4593.8041
3070,4593.8187
3071,4593.8228
3072,4593.8455
3073,4593.8498
3074,4594.0478
3075,4594.2048
3076,4594.6363
3077,4594.6833
3078,4594.6717
3079,4595.1734
3080,4595.1896
3081,4595.3015
3082,4595.4337
3083,4595.5879
3084,4596.5765
3085,4596.7152
3086,4596.8696
3087,4596.7902
3088,4596.7943
3089,4597.2929
3090,4597.2966
3091,4597.2878
3092,4597.2903
3093,4597.2481
3094,4596.6393
3095,4596.5101
3096,4596.5150
3097,4596.5129
3098,4596.4380
3099,4596.2190
3100,4596.2834
3101,4595.2290
3102,4595.0334
3103,4595.0702
3104,4594.9228
3105,4594.9217
3106,4594.9705
3107,4594.9766
3108,4594.9541
3109,4594.8972
3110,4594.3318
3111,4594.2034
3112,4594.5332
3113,4594.8528
3114,4594.7931
3115,4595.2038
3116,4595.0040
3117,4594.9273
3118,4594.8438
3119,4594.9337
3120,4595.1039
3121,4595.1016
3122,4595.0951
3123,4594.9854
3124,4594.9868
3125,4594.9866
3126,4594.9606
3127,4595.1516
3128,4595.1516
3129,4595.1779
3130,4595.1643
3131,4595.1713
3132,4595.2218
3133,4595.2136
3134,4595.2136
3135,4595.2313
3136,4595.4352
3137,4595.8011
3138,4595.5925
3139,4595.5786
3140,4595.5958
3141,4595.5924
3142,4595.6508
3143,4595.7519
3144,4595.8194
3145,4596.0090
3146,4596.1013
3147,4596.3317
3148,4597.0087
3149,4596.8667
3150,4596.8601
3151,4596.9509
3152,4597.0378
3153,4597.0971
3154,4597.1015
3155,4597.3064
3156,4597.5498
3157,4597.5802
3158,4597.6589
3159,4597.6441
3160,4597.6762
3161,4599.6157
3162,4599.4219
3163,4599.3685
3164,4600.0797
3165,4600.8291
3166,4600.7770
3167,4601.7212
3168,4601.4249
3169,4601.6918
3170,4601.9329
3171,4602.5284
3172,4603.0913
3173,4603.0736
3174,4603.2929
3175,4603.2876
3176,4604.0932
3177,4604.0042
3178,4603.8415
3179,4604.4108
3180,4604.4343
3181,4604.5981
3182,4604.4722
3183,4603.9542
3184,4604.1049
3185,4604.1689
3186,4604.3475
3187,4605.0121
3188,4604.9430
3189,4604.6964
3190,4604.5118
3191,4603.8787
3192,4603.8523
3193,4603.8037
3194,4603.7931
3195,4602.6726
3196,4602.5730
3197,4602.8530
3198,4603.5185
3199,4603.9582
3200,4603.8330
3201,4603.8894
3202,4604.1013
3203,4604.1360
3204,4604.1198
3205,4604.0445
3206,4604.0684
3207,4603.5201
3208,4603.7853
3209,4603.9480
3210,4604.1139
3211,4604.3941
3212,4604.4320
3213,4604.4320
3214,4604.4431
3215,4604.3396
3216,4603.8968
3217,4603.8831
3218,4603.7907
3219,4603.6882
3220,4603.5662
3221,4603.2851
3222,4603.0717
3223,4602.8286
3224,4602.8286
3225,4602.8347
3226,4602.9035
3227,4602.9030
3228,4602.9250
3229,4603.3119
3230,4603.1897
3231,4603.2159
3232,4603.2676
3233,4603.6047
3234,4602.9871
3235,4602.9152
3236,4601.5459
3237,4601.2849
3238,4600.8377
3239,4600.3308
3240,4600.3232
3241,4600.3231
3242,4600.1704
3243,4600.1748
3244,4600.2374
3245,4600.2395
3246,4600.4025
3247,4600.2938
3248,4600.5266
3249,4599.7627
3250,4599.6466
3251,4599.8421
3252,4599.4960
3253,4599.5086
3254,4599.5097
3255,4599.4513
3256,4599.5480
3257,4599.5480
3258,4599.4408
3259,4599.4307
3260,4598.4014
3261,4598.3149
3262,4598.1785
3263,4598.0924
3264,4597.8977
3265,4597.8930
3266,4597.8711
3267,4597.8654
3268,4597.8645
3269,4597.8519
3270,4598.2257
3271,4598.1049
3272,4598.0819
3273,4598.1421
3274,4598.2237
3275,4598.1791
3276,4598.1681
3277,4597.9968
3278,4597.9810
3279,4597.9766
3280,4597.9898
3281,4598.1238
3282,4598.1014
3283,4598.1088
3284,4597.9401
3285,4597.6984
3286,4597.7037
3287,4597.7164
3288,4597.6026
3289,4597.6287
3290,4597.6153
3291,4597.6197
3292,4597.6403
3293,4597.7166
3294,4597.7203
3295,4597.7408
3296,4597.8640
3297,4598.5006
3298,4598.6831
3299,4598.7644
3300,4599.1568
3301,4599.1487
3302,4599.1511
3303,4599.4632
3304,4599.6075
3305,4599.7231
3306,4599.6959
3307,4599.6819
3308,4599.7882
3309,4599.7927
3310,4599.7927
3311,4599.9945
3312,4600.0070
3313,4600.0289
3314,4600.0949
3315,4599.9218
3316,4600.0491
3317,4599.9784
3318,4599.9939
3319,4599.4357
3320,4599.2637
3321,4598.9711
3322,4599.1612
3323,4599.1612
3324,4599.0861
3325,4599.0686
3326,4599.0576
3327,4599.0550
3328,4599.0515
3329,4599.0532
3330,4599.0642
3331,4599.0612
3332,4599.0578
3333,4599.0323
3334,4598.8880
3335,4598.8772
3336,4598.8159
3337,4598.8187
3338,4598.2897
3339,4598.1151
3340,4597.9858
3341,4597.9740
3342,4598.1961
3343,4598.1697
3344,4597.9782
3345,4597.9785
3346,4598.0820
3347,4597.5972
3348,4597.4842
3349,4597.4842
3350,4597.4433
3351,4597.2587
3352,4597.1248
3353,4596.8156
3354,4596.8539
3355,4596.7336
3356,4596.6636
3357,4596.8587
3358,4596.8587
3359,4596.7147
3360,4596.2584
3361,4596.5013
3362,4596.4001
3363,4596.5570
3364,4596.7912
3365,4597.5151
3366,4597.4198
3367,4597.4157
3368,4597.5397
3369,4597.6930
3370,4597.7956
3371,4597.6585
3372,4597.6826
3373,4598.7812
3374,4598.9268
3375,4598.7670
3376,4598.2766
3377,4598.2618
3378,4598.2659
3379,4598.4060
3380,4598.4166
3381,4598.2583
3382,4598.3915
3383,4598.5403
3384,4598.4568
3385,4598.3352
3386,4598.5027
3387,4598.5592
3388,4598.5461
3389,4598.3571
3390,4598.6441
3391,4598.5373
3392,4598.6189
3393,4598.6237
3394,4598.6328
3395,4598.5259
3396,4598.6925
3397,4598.5648
3398,4598.5949
3399,4598.5879
3400,4598.5879
3401,4598.6009
3402,4598.5944
3403,4598.5926
3404,4598.5946
3405,4598.6008
3406,4598.5989
3407,4598.5822
3408,4598.5799
3409,4598.6019
3410,4598.5975
3411,4598.7834
3412,4598.6611
3413,4598.6655
3414,4598.7138
3415,4598.7079
3416,4598.5475
3417,4598.5506
3418,4598.6551
3419,4598.7756
3420,4598.7712
3421,4598.7756
3422,4598.7678
3423,4598.7678
3424,4598.7678
3425,4598.7658
3426,4598.7988
3427,4598.8184
3428,4598.8338
3429,4598.7899
3430,4598.8519
3431,4598.8271
3432,4598.6716
3433,4598.6711
3434,4598.6700
3435,4598.6569
3436,4598.6525
3437,4598.5487
3438,4598.3037
3439,4598.5200
3440,4598.3983
3441,4598.3983
3442,4598.3528
3443,4598.3572
3444,4598.3826
3445,4598.3929
3446,4598.8513
3447,4599.1306
3448,4599.4331
3449,4599.5247
3450,4599.9114
3451,4599.9171
3452,4600.0123
3453,4600.0103
3454,4600.2541
3455,4600.1811
3456,4600.2774
3457,4600.1675
3458,4600.2655
3459,4600.3433
3460,4599.9909
3461,4600.3529
3462,4600.7939
3463,4600.6853
3464,4600.7052
3465,4600.8008
3466,4600.7225
3467,4601.3063
3468,4601.3698
3469,4601.5438
3470,4601.7140
3471,4601.8696
3472,4601.8726
3473,4601.9056
3474,4601.9531
3475,4601.9695
3476,4601.9747
3477,4601.9733
3478,4601.9759
3479,4602.0875
3480,4602.4118
3481,4602.3041
3482,4602.6835
3483,4602.8070
3484,4602.8070
3485,4603.1215
3486,4604.2876
3487,4604.3052
3488,4604.1155
3489,4604.0408
3490,4604.1917
3491,4604.1914
3492,4604.2107
3493,4604.1912
3494,4604.1943
3495,4604.1943
3496,4604.1987
3497,4604.2516
3498,4604.2322
3499,4605.0569
3500,4605.2377
3501,4605.1008
3502,4605.3125
3503,4605.1885
3504,4605.2014
3505,4605.1755
3506,4605.2413
3507,4605.3349
3508,4605.3393
3509,4605.1862
3510,4605.1862
3511,4605.1862
3512,4605.1030
3513,4604.1028
3514,4603.9251
3515,4603.4738
3516,4603.5157
3517,4603.5067
3518,4603.5531
3519,4603.5575
3520,4603.5575
3521,4603.7507
3522,4603.7862
3523,4603.7013
3524,4603.7223
3525,4603.7270
3526,4603.7270
3527,4603.7098
3528,4603.7097
3529,4603.7380
3530,4603.7339
3531,4603.6759
3532,4603.6759
3533,4603.6768
3534,4602.4049
3535,4602.3232
3536,4602.3188
3537,4603.1894
3538,4602.9295
3539,4603.0211
3540,4603.7779
3541,4603.3462
3542,4603.5748
3543,4603.7042
3544,4603.8096
3545,4604.0106
3546,4603.9305
3547,4604.3419
3548,4604.3486
3549,4604.3548
3550,4605.0327
3551,4604.9654
3552,4605.3347
3553,4605.2506
3554,4605.3987
3555,4605.4098
3556,4605.5824
3557,4605.5763
3558,4605.5794
3559,4605.5794
3560,4605.5760
3561,4605.5774
3562,4605.6587
3563,4605.7463
3564,4606.2752
3565,4606.4982
3566,4606.4982
3567,4606.4982
3568,4606.5002
3569,4606.5428
3570,4606.5459
3571,4606.6795
3572,4606.6808
3573,4606.7218
3574,4606.8493
3575,4607.3388
3576,4607.5738
3577,4607.6136
3578,4607.7655
3579,4608.0281
3580,4608.0469
3581,4608.0719
3582,4608.0791
3583,4608.2662
3584,4608.2679
3585,4608.2943
3586,4607.8442
3587,4607.9664
3588,4607.9825
3589,4607.9189
3590,4607.9135
3591,4608.1357
3592,4608.1176
3593,4607.8477
3594,4607.8101
3595,4607.9092
3596,4607.9356
3597,4607.9508
3598,4607.9531
3599,4608.0142
